100005
100006
100012
100017
100020
100024
100029
100031
100039
100051
100052
100054
100055
100057
100058
100074
100076
100083
100088
100091
100093
100097
100100
100101
100110
100111
100113
100115
100117
100118
100122
100123
100132
100138
100141
100144
100145
100146
100151
100152
100153
100158
100163
100165
100169
100176
100188
100197
100201
100209
100212
100220
100226
100229
100230
100238
100249
100250
100257
100258
100259
100262
100268
100277
100285
100292
100295
100296
100298
100301
100303
100314
100316
100320
100325
100326
100328
100329
100330
100337
100339
100341
100343
100365
100369
100373
100378
100382
100392
100394
100396
100400
100403
100404
100406
100413
100414
100416
100420
100421
100422
100425
100439
100441
100447
100453
100457
100459
100463
100465
100468
100489
100490
100493
100497
100498
100505
100509
100512
100515
100517
100519
100522
100535
100536
100549
100558
100560
100563
100568
100583
100589
100591
100595
100602
100607
100615
100617
100618
100621
100624
100634
100641
100643
100652
100663
100664
100669
100671
100678
100689
100693
100696
100697
100702
100713
100717
100723
100733
100737
100756
100759
100764
100767
100777
100796
100799
100800
100806
100813
100820
100822
100823
100824
100825
100831
100834
100835
100839
100844
100845
100848
100849
100850
100857
100863
100864
100871
100872
100874
100882
100886
100887
100890
100892
100893
100895
100903
100905
100907
100908
100911
100912
100916
100918
100929
100930
100931
100932
100935
100940
100943
100944
100946
100948
100950
100953
100955
100961
100975
100976
100977
100980
100981
100982
100983
100989
100991
100998
101002
101005
101019
101021
101023
101028
101029
101030
101035
101036
101048
101053
101058
101060
101063
101066
101067
101070
101071
101075
101078
101084
101088
101089
101091
101094
101099
101100
101102
101113
101117
101119
101120
101121
101127
101131
101133
101152
101157
101158
101159
101164
101171
101173
101176
101177
101180
101181
101183
101185
101195
101198
101200
101205
101206
101208
101214
101215
101225
101226
101227
101229
101230
101231
101234
101236
101238
101247
101249
101256
101259
101260
101263
101271
101278
101285
101287
101293
101299
101303
101305
101306
101307
101308
101311
101315
101318
101323
101324
101326
101332
101338
101339
101343
101363
101364
101368
101370
101374
101379
101381
101384
101385
101388
101392
101395
101398
101402
101407
101410
101411
101414
101417
101419
101420
101421
101423
101424
101428
101430
101431
101432
101433
101437
101447
101450
101452
101465
101466
101469
101470
101471
101477
101483
101485
101488
101493
101494
101496
101503
101508
101511
101513
101516
101517
101520
101525
101536
101542
101547
101550
101553
101556
101563
101566
101568
101571
101577
101580
101581
101589
101591
101596
101597
101602
101603
101609
101619
101620
101621
101631
101633
101634
101635
101639
101641
101644
101651
101667
101672
101677
101678
101689
101691
101693
101694
101700
101703
101706
101713
101721
101727
101741
101749
101754
101755
101762
101764
101769
101770
101772
101782
101791
101792
101799
101800
101801
101802
101804
101805
101807
101809
101810
101811
101812
101816
101817
101821
101825
101828
101829
101831
101832
101844
101845
101846
101851
101852
101853
101858
101863
101865
101866
101871
101876
101879
101883
101891
101894
101897
101908
101911
101919
101921
101924
101938
101946
101949
101962
101963
101966
101969
101971
101972
101973
101986
101987
101991
101999
102002
102005
102008
102009
102012
102023
102024
102027
102030
102046
102053
102058
102063
102065
102070
102072
102081
102092
102093
102097
102099
102103
102117
102120
102124
102125
102126
102128
102129
102145
102146
102147
102148
102150
102151
102169
102171
102172
102183
102204
102208
102211
102212
102214
102218
102221
102235
102236
102241
102243
102255
102264
102268
102269
102274
102275
102276
102281
102287
102288
102293
102295
102299
102306
102308
102310
102311
102315
102316
102317
102322
102326
102328
102330
102333
102337
102341
102346
102352
102354
102357
102359
102362
102363
102369
102372
102381
102382
102389
102393
102395
102399
102401
102404
102407
102410
102418
102419
102422
102424
102426
102430
102440
102446
102447
102448
102454
102456
102461
102463
102465
102466
102476
102483
102485
102494
102495
102503
102509
102510
102511
102515
102516
102517
102518
102520
102524
102527
102531
102547
102554
102555
102563
102564
102568
102570
102573
102582
102588
102591
102603
102605
102606
102607
102608
102609
102622
102629
102631
102632
102633
102635
102639
102640
102647
102659
102661
102670
102673
102687
102690
102694
102695
102700
102701
102708
102709
102714
102715
102718
102721
102723
102727
102729
102732
102733
102734
102736
102739
102740
102749
102751
102756
102759
102760
102762
102764
102765
102769
102775
102777
102781
102785
102786
102788
102790
102796
102807
102809
102811
102812
102813
102814
102831
102832
102851
102853
102854
102859
102860
102861
102867
102875
102876
102877
102884
102886
102887
102889
102892
102893
102895
102896
102901
102905
102915
102922
102929
102934
102938
102942
102943
102947
102949
102950
102951
102955
102959
102965
102973
102975
102978
102981
102983
102986
102991
102993
102995
102999
103000
103002
103005
103006
103009
103030
103037
103047
103057
103061
103062
103063
103065
103072
103074
103075
103082
103090
103095
103097
103111
103113
103114
103117
103119
103126
103130
103132
103137
103144
103147
103148
103155
103158
103159
103161
103166
103169
103170
103172
103180
103183
103186
103187
103190
103194
103198
103202
103203
103204
103207
103208
103210
103212
103215
103217
103219
103221
103229
103230
103231
103232
103238
103243
103249
103255
103262
103266
103271
103278
103281
103283
103286
103295
103304
103305
103310
103318
103321
103329
103332
103339
103340
103342
103346
103349
103352
103362
103372
103373
103382
103384
103386
103387
103391
103394
103395
103399
103400
103402
103405
103411
103414
103416
103421
103423
103430
103431
103432
103437
103441
103448
103450
103452
103454
103458
103464
103473
103478
103482
103483
103484
103488
103497
103499
103500
103503
103506
103516
103523
103525
103528
103539
103543
103548
103553
103554
103557
103558
103561
103568
103577
103581
103582
103583
103585
103586
103590
103592
103597
103604
103611
103612
103618
103626
103627
103633
103639
103642
103649
103650
103670
103672
103674
103676
103677
103682
103683
103686
103687
103688
103695
103696
103699
103702
103704
103705
103712
103720
103722
103725
103728
103729
103732
103733
103734
103741
103746
103750
103764
103765
103774
103775
103776
103782
103784
103789
103797
103809
103812
103820
103823
103831
103832
103834
103840
103842
103846
103850
103855
103858
103859
103862
103865
103868
103872
103874
103876
103879
103880
103883
103887
103891
103892
103896
103899
103904
103908
103912
103922
103925
103926
103927
103928
103930
103934
103939
103946
103947
103953
103957
103961
103962
103963
103965
103967
103968
103970
103975
103976
103981
103983
103990
103991
103994
103998
104011
104012
104013
104014
104019
104020
104021
104022
104027
104028
104032
104044
104048
104049
104054
104057
104060
104063
104065
104067
104069
104071
104072
104086
104091
104094
104098
104101
104102
104103
104105
104106
104111
104112
104114
104119
104123
104124
104130
104137
104144
104146
104147
104153
104155
104156
104160
104163
104169
104172
104173
104174
104177
104184
104192
104194
104202
104207
104211
104228
104234
104238
104239
104241
104246
104250
104252
104261
104269
104272
104279
104285
104288
104292
104296
104306
104317
104321
104322
104329
104339
104340
104346
104350
104357
104360
104361
104367
104370
104376
104399
104402
104406
104411
104415
104422
104424
104425
104426
104427
104428
104433
104434
104435
104437
104438
104439
104440
104443
104445
104450
104451
104457
104462
104469
104483
104484
104487
104495
104497
104521
104522
104524
104525
104527
104529
104530
104531
104535
104541
104547
104556
104560
104562
104567
104576
104584
104585
104591
104592
104593
104598
104613
104614
104615
104621
104624
104625
104630
104634
104639
104645
104648
104657
104661
104663
104668
104672
104674
104676
104681
104683
104685
104690
104698
104703
104708
104711
104716
104719
104722
104727
104735
104741
104742
104743
104745
104753
104758
104763
104765
104768
104772
104773
104774
104778
104779
104785
104786
104791
104795
104801
104803
104807
104812
104815
104817
104818
104822
104824
104829
104830
104837
104838
104842
104845
104848
104850
104857
104858
104862
104863
104867
104869
104870
104871
104872
104873
104880
104882
104891
104894
104896
104897
104903
104905
104909
104915
104925
104938
104940
104942
104943
104944
104951
104955
104956
104957
104963
104965
104966
104971
104975
104978
104981
104987
104992
104999
105001
105004
105009
105010
105019
105020
105026
105030
105031
105036
105037
105040
105041
105043
105046
105050
105051
105053
105055
105056
105058
105061
105064
105073
105074
105084
105085
105094
105099
105102
105104
105110
105112
105115
105118
105120
105121
105127
105130
105132
105137
105140
105142
105143
105152
105153
105155
105157
105160
105162
105166
105175
105180
105185
105187
105193
105206
105211
105213
105225
105226
105228
105231
105237
105242
105248
105250
105252
105256
105257
105261
105266
105269
105271
105277
105280
105281
105283
105294
105296
105298
105299
105308
105310
105311
105314
105315
105332
105333
105335
105336
105341
105344
105351
105353
105361
105362
105368
105377
105379
105381
105383
105389
105394
105400
105401
105402
105406
105407
105409
105410
105415
105420
105422
105423
105424
105431
105433
105450
105451
105454
105462
105463
105465
105469
105470
105472
105473
105479
105482
105484
105488
105490
105492
105494
105496
105497
105508
105509
105513
105517
105523
105524
105527
105530
105532
105534
105535
105538
105539
105546
105547
105552
105560
105561
105575
105582
105584
105585
105588
105590
105593
105599
105600
105601
105605
105608
105611
105613
105614
105619
105621
105628
105630
105632
105633
105635
105640
105643
105644
105649
105652
105656
105661
105663
105668
105670
105682
105686
105691
105692
105699
105705
105713
105715
105716
105724
105735
105736
105737
105739
105741
105743
105744
105747
105748
105751
105754
105758
105763
105765
105769
105770
105772
105774
105782
105786
105791
105795
105797
105798
105806
105813
105815
105816
105821
105823
105824
105829
105833
105842
105848
105849
105850
105853
105854
105857
105859
105871
105875
105881
105885
105886
105887
105889
105904
105914
105915
105920
105922
105923
105924
105931
105933
105936
105940
105942
105948
105950
105951
105956
105961
105966
105973
105976
105983
105993
105997
106000
106013
106014
106015
106030
106034
106035
106037
106038
106039
106040
106043
106046
106052
106064
106067
106068
106071
106072
106081
106083
106087
106102
106105
106109
106113
106120
106126
106127
106128
106129
106133
106136
106140
106143
106152
106154
106155
106156
106158
106164
106166
106174
106177
106188
106199
106202
106207
106209
106210
106214
106216
106218
106220
106229
106234
106236
106238
106239
106248
106251
106252
106255
106256
106262
106267
106272
106274
106277
106281
106283
106289
106290
106291
106293
106295
106296
106302
106303
106305
106325
106329
106330
106336
106342
106347
106350
106368
106370
106371
106374
106375
106383
106384
106387
106389
106390
106392
106394
106400
106401
106404
106407
106408
106409
106410
106416
106418
106420
106423
106424
106429
106431
106432
106436
106437
106441
106443
106449
106452
106459
106471
106472
106479
106483
106484
106486
106489
106496
106500
106503
106506
106507
106509
106511
106512
106527
106532
106538
106541
106542
106550
106552
106553
106558
106559
106564
106565
106571
106574
106577
106585
106587
106590
106597
106607
106608
106617
106619
106626
106629
106633
106636
106639
106640
106645
106654
106660
106662
106665
106669
106670
106676
106680
106683
106687
106691
106695
106699
106701
106703
106705
106708
106709
106715
106717
106719
106720
106730
106735
106736
106739
106746
106752
106766
106768
106773
106774
106776
106782
106785
106786
106787
106789
106790
106802
106808
106810
106814
106818
106826
106828
106829
106832
106837
106839
106843
106853
106870
106872
106874
106875
106878
106882
106887
106893
106899
106901
106906
106915
106920
106921
106924
106931
106934
106938
106939
106949
106950
106951
106962
106971
106974
106988
106990
106993
107003
107009
107014
107017
107037
107041
107044
107046
107050
107055
107067
107072
107075
107077
107078
107084
107088
107108
107112
107116
107121
107122
107125
107131
107132
107133
107134
107143
107144
107145
107147
107153
107154
107157
107158
107161
107163
107172
107175
107181
107182
107183
107191
107198
107207
107212
107216
107219
107222
107223
107224
107227
107232
107235
107240
107242
107245
107250
107262
107267
107275
107278
107290
107292
107296
107298
107302
107305
107312
107314
107317
107320
107321
107322
107325
107327
107341
107342
107343
107347
107348
107350
107354
107355
107356
107358
107360
107362
107367
107372
107375
107382
107383
107384
107386
107387
107389
107397
107402
107406
107415
107422
107431
107432
107435
107436
107438
107442
107450
107454
107463
107472
107473
107474
107480
107485
107486
107487
107490
107496
107497
107506
107509
107515
107517
107519
107522
107524
107530
107543
107551
107565
107566
107567
107569
107578
107585
107588
107593
107598
107599
107609
107615
107622
107631
107632
107633
107637
107639
107644
107646
107648
107649
107653
107655
107660
107664
107665
107667
107680
107697
107699
107702
107705
107708
107709
107710
107712
107722
107724
107725
107733
107737
107744
107746
107747
107748
107749
107755
107757
107760
107761
107763
107764
107766
107772
107773
107774
107778
107780
107782
107788
107791
107794
107804
107821
107834
107835
107838
107840
107841
107842
107843
107848
107850
107855
107856
107864
107867
107874
107875
107876
107880
107881
107884
107886
107890
107891
107895
107898
107899
107900
107902
107907
107908
107910
107911
107916
107917
107925
107927
107928
107933
107936
107941
107942
107946
107947
107955
107961
107967
107969
107972
107973
107974
107976
107979
107982
107997
107999
108000
108013
108016
108017
108018
108026
108028
108029
108031
108033
108034
108036
108037
108045
108046
108055
108061
108063
108066
108067
108071
108074
108076
108082
108087
108090
108091
108096
108097
108098
108100
108109
108115
108118
108120
108130
108133
108139
108151
108155
108156
108157
108164
108167
108168
108173
108175
108177
108179
108182
108185
108191
108198
108200
108205
108207
108213
108214
108217
108224
108227
108229
108235
108237
108241
108243
108244
108252
108254
108255
108262
108269
108271
108274
108275
108277
108279
108280
108281
108283
108284
108285
108288
108290
108292
108297
108306
108310
108317
108319
108327
108334
108338
108343
108344
108346
108351
108353
108355
108356
108360
108364
108368
108377
108383
108388
108391
108392
108393
108394
108398
108402
108404
108406
108411
108415
108417
108420
108423
108425
108427
108430
108434
108439
108442
108448
108453
108460
108463
108464
108466
108467
108469
108470
108473
108475
108481
108483
108485
108487
108494
108496
108499
108505
108513
108515
108523
108524
108530
108546
108548
108550
108551
108552
108561
108564
108565
108567
108571
108573
108586
108595
108603
108605
108606
108607
108609
108614
108615
108619
108622
108624
108626
108649
108650
108652
108657
108658
108663
108665
108667
108668
108676
108679
108684
108686
108688
108690
108694
108695
108699
108710
108711
108722
108732
108734
108738
108744
108745
108751
108754
108759
108768
108769
108770
108771
108780
108793
108806
108812
108820
108825
108826
108828
108829
108830
108839
108840
108841
108844
108849
108852
108855
108857
108858
108860
108863
108864
108879
108883
108888
108894
108897
108898
108902
108903
108911
108913
108918
108922
108929
108932
108938
108940
108942
108943
108952
108955
108956
108957
108958
108965
108973
108977
108990
108991
108993
109001
109005
109009
109016
109017
109018
109020
109025
109028
109030
109032
109033
109035
109043
109046
109048
109049
109051
109052
109053
109055
109059
109060
109068
109072
109075
109082
109091
109102
109103
109106
109110
109113
109118
109121
109124
109125
109139
109141
109148
109154
109155
109162
109172
109174
109181
109182
109191
109203
109205
109206
109211
109213
109215
109217
109222
109227
109228
109239
109242
109243
109244
109257
109260
109265
109267
109268
109269
109270
109279
109280
109285
109288
109296
109306
109321
109323
109324
109337
109342
109345
109352
109353
109354
109359
109363
109370
109390
109391
109399
109401
109411
109420
109425
109434
109436
109438
109443
109444
109451
109454
109455
109456
109462
109463
109470
109472
109473
109474
109479
109485
109486
109487
109488
109489
109490
109493
109499
109501
109506
109512
109518
109520
109522
109526
109532
109544
109545
109547
109549
109552
109556
109558
109559
109562
109565
109567
109572
109573
109574
109578
109584
109585
109587
109591
109598
109605
109608
109615
109619
109620
109624
109636
109638
109639
109645
109649
109662
109664
109667
109675
109679
109685
109687
109689
109695
109711
109716
109724
109728
109730
109733
109734
109737
109746
109751
109757
109760
109764
109766
109771
109772
109774
109777
109778
109780
109787
109789
109790
109795
109802
109804
109806
109809
109811
109812
109814
109837
109846
109856
109859
109862
109867
109868
109873
109876
109878
109883
109885
109889
109894
109895
109903
109909
109910
109912
109913
109921
109923
109925
109929
109930
109934
109936
109941
109942
109945
109946
109948
109949
109951
109952
109955
109960
109966
109969
109970
109971
109975
109976
109983
109986
109987
109988
109993
109995
110007
110011
110014
110017
110020
110021
110030
110032
110033
110049
110056
110063
110071
110076
110077
110078
110085
110088
110090
110091
110095
110096
110106
110107
110116
110117
110119
110125
110129
110135
110136
110140
110141
110142
110143
110144
110149
110165
110175
110177
110181
110184
110187
110194
110195
110204
110207
110210
110213
110219
110224
110231
110233
110234
110236
110237
110240
110241
110242
110243
110244
110246
110249
110253
110261
110268
110277
110279
110294
110296
110300
110303
110304
110305
110308
110310
110319
110321
110327
110341
110342
110343
110357
110362
110364
110370
110372
110378
110380
110381
110388
110392
110393
110415
110423
110424
110427
110428
110429
110430
